5 3691 33444
2 51 9
5 1 642
5 259 72435
2 106 15812
1 1167 8764
1 8058 12627
1 610 4726
1 1493 53061
5 31 11308
1 28 3492
2 1067 13695
3 28 940
1 172 73978
1 86 1284
5 11161 199170
3 87 3413
1 520 33632
5 433 657
3 610 61668
1 4323 28455
5 87 6337
1 377 24423
1 8380 31501
5 69 1677
2 1 25
1 415 17864
5 155 47312
3 156 201
1 5518 107318
1 641 61571
6 19 54
2 387 43021
6 365 77423
1 0 1262
1 9 7317
4 711 14976
1 685 25716
1 960 1719
1 296 31341
6 793 18309
5 218 1149
5 4152 756172
1 2049 102117
2 2248 56208
1 2204 5807
1 8 3477
1 3193 8976
5 110 40128
1 860 990
1 450 1375
5 96 6831
3 30016 69610
1 4 27
5 1365 25183
5 297 334
3 1484 12853
2 981 142060
2 137 1501
2 519 16232
2 203 8415
1 1129 20058
1 1570 2664
1 819 26952
2 601 23991
1 372 307764
1 148 8452
1 2316 27339
5 4171 53002
3 939 14098
1 5335 90360
1 2354 2961
3 2628 8497
1 10340 87555
1 87 21659
2 1316 3332
2 4317 123979
1 504 5315
1 975 43564
1 4985 18465
1 7948 96626
7 654 11225
5 2227 14634
1 348 1613
1 117 6588
3 284 17254
3 497 49273
1 7 142
1 376 7473
6 14 1529
6 43 2002
1 2126 28264
3 18132 52681
3 2009 48224
4 65 233
3 2751 18123
1 64813 87482
1 212 2933
1 881 9113
1 149 2915
1 1723 38966
6 103 830
1 464 2346
3 37 1744
1 13 2244
1 45 1145
1 194 3957
2 69 365
1 1568 123941
1 117 10835
1 244 2214
2 1657 261591
6 43 2003
1 736 3336
7 385 6655
5 1084 9298
1 20160 235324
1 611 26653
1 46991 432869
1 29 5775
1 1446 3280
1 310 34695
1 109 7699
1 88 6288
2 415 1085
1 144 10158
6 970 40648
1 140 5361
1 444 4028
3 5366 13120
1 522 36492
1 626 5255
1 251 305
2 196 17584
1 20480 56655
2 0 5
1 2 72
1 38 1270
1 943 579
1 5087 569623
1 5 386
1 15 408
1 9834 33598
3 3655 9094
1 690 3167
1 371 1977
3 21672 6491
1 3013 1602
1 2360 76199
1 236 1262
6 79 9204
3 106 32380
1 5576 19190
5 60 1292
1 226 2306
1 253 2035
6 0 46
5 4342 310490
6 107 624
1 365 15892
3 35 1719
3 5124 2552
1 723 8432
1 3062 47997
1 1 99
2 540 18796
1 105929 49576
1 20 1193
1 1164 273
1 3023 29277
6 207 2734
5 111 28271
1 110 510
1 3739 52903
1 182 25409
1 1723 38974
2 92 15762
1 700 141251
6 651 15955
2 342 17899
1 27 11
3 505 39246
1 146 4274
1 662 41228
2 2942 11554
1 1553 2840
1 230 17679
1 28393 92071
2 588 49131
1 138 1685
5 520 27064
1 31 164
1 8 2333
2 500 85487
1 235 3543
3 483 6734
1 38 19465
5 145 12370
1 199 1763
1 1224 19195
1 90 2398
1 2430 130616
1 2 22
6 198 315
1 84 14258
1 638 2878
1 1682 222995
1 910 9463
3 454 7823
3 246 3556
1 218 25282
6 43 2004
1 1487 9331
3 36 2149
1 1171 11429
2 231 20370
1 3409 37690
4 336 3129
1 77 3185
1 391 885
5 658 2274
1 5699 27811
1 3267 67581
5 3 19
5 438 1345
6 4079 16939
5 410 8306
1 509 43890
1 350 3306
6 9857 15121
2 386 206
1 35 464
1 32 623
1 11 520
3 1201 23685
3 14916 139188
3 871 2436
1 3 115
1 309 4629
1 157 2414
1 598 2233
1 1978 71093
3 5 4
5 308 9320
1 3338 69078
1 29 4131
3 98 2725
1 11908 41888
3 122 9779
1 48 47
1 82 423
2 2678 265126
1 156 944
2 376 101806
6 674 64711
1 747 44121
1 27 87
1 3289 16765
6 1 457
2 1586 8914
1 416 2607
1 479 10380
1 615 47420
1 6 146
1 60 5474
6 522 12988
5 478 9911
1 366 66127
1 748 8417
1 1956 20363
5 26 541
1 427 13182
1 2352 44310
5 54 1364
2 291 34965
1 52 241
1 1487 9332
1 530 26758
6 563 96846
3 3024 42523
1 297 402
2 434 12563
6 374 21090
1 593 27330
1 442 6099
3 1000 37625
5 38 4909
5 186 21025
1 712 14620
5 147 615
4 1018 21378
3 77 74
6 160 1051
1 1209 1996
3 104 1423
1 178 3302
1 211 4333
2 517 28801
3 280 14667
3 420 6825
1 339 121621
1 5969 1517
1 647 14029
6 43 258
1 5687 1312
1 300 22381
3 7469 15698
1 227 17350
1 41049 64461
1 95 410
5 104 100431
1 17949 51726
3 44 9132
1 599 177332
1 132 3716
2 16 4899
2 1125 98126
1 293 68358
3 3622 112536
1 1301 995
1 11 1513
5 65 1691
5 14 1497
1 9 47
1 1335 5623
1 286 2588
1 18465 100925
1 69 122
5 326 29134
1 3696 14687
5 453 526
2 1587 14627
1 151 17969
1 0 13383
1 645 148377
5 99 793
1 2511 4587
5 138 14840
1 230 31726
2 1226 9950
1 494 9247
1 8413 21453
1 77559 115972
1 1200 16433
1 126 2977
2 338 6193
7 1996 23112
2 1427 68168
2 3 101
1 838 6267
1 3606 52939
2 12841 124036
5 66 676
2 15284 507077
2 95 3349
2 805 49630
1 5725 90177
1 3877 33068
1 5546 28206
3 54 2697
3 115 38048
1 1328 2295918
7 120 3648
1 11656 53326
2 235 29848
6 116 7875
1 93 11422
6 968 8425
6 75 17371
1 52 4210
6 312 13101
1 151 17971
1 1961 16451
5 327 13081
5 354 1364
1 76 41
1 7 688
1 327 858
1 22 1837
2 100 4173
1 284003 36247
2 1021 5176
1 41 3204
1 563 2833
6 603 8468
1 44 1215
3 1217 13200
5 12 390
1 1462 72818
1 7919 46580
3 112 1595
1 6366 27069
5 2897 266613
2 99 10213
1 870 11313
1 764 53814
1 10340 87558
5 1440 17869
1 25711 19339
2 2169 8734
6 288 9419
1 6246 112993
1 3536 14236
1 92 31967
4 194 1518
3 1 64
2 73 3330
1 368 10248
5 611 27732
1 248 1940
1 175 4707
3 111 1107
2 2549 142573
1 1190 1359
1 88 4381
1 1107 29899
1 6264 253438
7 0 10913
2 175 21496
2 1560 110979
1 19 36
3 531 11530
1 942 16800
6 111 1496
1 1476 6508
2 1424 1893
6 192 555
1 1235 2304
5 372 677
1 1 239
1 478 1961
3 1 21
5 182 24794
4 950 18229
2 2353 166768
5 112 8346
6 11 729
6 912 71498
1 8115 189
1 980 120143
1 578 1246
6 43 23890
1 186 33991
5 730 1243
1 1218 7037
1 1 101
1 316 4766
1 1155 63430
1 39 6056
1 93 1361
6 508 46189
1 43589 29327
1 104 2630
1 228 9462
3 127 7594
1 248 3347
1 48 1047
1 424 30327
1 98 4613
6 3 36
1 35 599
3 103 9817
1 23 42
1 8552 547005
1 178 2714
1 628 25348
1 5 44
1 900 18001
3 212 8361
6 5392 19576
1 3388 63802
1 733 1319
5 526 36073
1 1972 1628
6 676 47693
2 1149 6190
1 40 642
2 142 844
1 10154 30288
1 962 2041
5 1 23
1 2267 214544
1 500 11018
2 389 16035
3 622 19253
3 25 632
1 8185 40446
5 298 2088
1 441 4740
1 2627 19853
1 275 1378
1 8276 59246
1 138 30794
1 81 583
5 12072 27924
5 27 1347
1 452 12921
1 131 33591
1 1612 69129
1 2985 128821